Bathing
100
68
81
101
93
137
93
58
57
67
93
58
68
88
57
67
100
68
67
76
Toileting
100
68
Toileting
68
107
Toileting
100
137
Going out to work
81
139
140
Preparing lunch
140
137
131
53
84
131
Preparing dinner
140
92
57
137
53
55
143
137
143
84
120
72
73
137
91
80
91
76
Preparing breakfast
75
53
55
84
73
145
60
60
137
91
Dressing
96
75
75
75
53
55
84
Toileting
67
58
57
81
100
101
Going out to work
73
140
140
Grooming
58
68
88
68
57
58
57
88
68
Toileting
88
68
84
72
Preparing a snack
88
68
84
72
Preparing a snack
73
72
137
Preparing a snack
81
73
72
137
91
137
Preparing a snack
72
73
55
84
72
72
Preparing a beverage
80
91
139
Dressing
75
146
Toileting
67
100
68
57
Preparing breakfast
61
98
59
66
54
54
57
96
57
81
58
62
75
55
84
73
145
137
55
91
137
Grooming
84
55
101
88
68
58
57
68
58
67
68
57
75
Going out to work
140
Dressing
57
75
139
Washing dishes
84
137
92
82
82
70
70
70
70
70
70
70
70
70
70
70
70
70
70
84
52
52
70
52
70
52
52
52
52
52
60
60
60
60
60
60
60
60
60
60
60
60
Dressing
82
66
70
137
137
82
82
82
82
82
82
82
82
82
140
Toileting
100
68
139
Going out to work
139
140
Preparing lunch
143
84
143
143
143
59
66
143
140
84
55
80
84
137
92
82
82
Toileting
143
68
Preparing breakfast
140
53
72
137
143
68
Preparing a snack
58
57
73
72
84
Toileting
88
68
58
57
73
72
84
Preparing dinner
72
73
72
105
83
93
120
80
81
91
137
84
91
101
93
Bathing
93
93
67
57
Grooming
81
104
120
96
58
88
88
68
88
88
97
Toileting
143
84
140
58
68
88
57
91
67
Bathing
67
82
62
81
100
93
67
57
140
93
Dressing
93
62
92
62
141
90
67
75
141
90
141
90
75
57
96
55
84
73
145
Preparing breakfast
75
57
96
55
84
73
145
60
60
60
137
91
Toileting
100
88
68
Grooming
67
88
68
80
Going out to work
139
140
Grooming
88
68
58
68
57
101
139
Preparing lunch
140
73
143
137
55
143
84
143
84
137
91
137
80
91
Going out to work
140
Grooming
67
100
68
58
57
73
72
139
Preparing a snack
73
72
84
Toileting
88
68
Preparing dinner
137
91
91
137
91
137
143
143
131
91
137
131
84
131
55
84
131
91
91
137
73
131
131
80
91
Grooming
58
68
88
67
Doing laundry
141
142
90
141
90
141
90
142
141
142
68
88
Toileting
141
142
68
88
Dressing
62
81
62
Bathing
62
67
93
67
57
100
93
Preparing lunch
140
73
55
70
94
84
70
141
90
130
57
130
53
93
73
72
126
91
137
91
73
72
131
70
91
91
131
91
Cleaning
84
55
80
63
53
70
70
141
90
142
140
Doing laundry
120
66
141
142
90
67
81
Toileting
67
81
100
88
68
58
57
67
Bathing
90
93
142
67
93
93
93
67
57
96
92
Dressing
67
57
96
92
82
75
Preparing breakfast
55
84
131
131
72
107
73
72
58
68
88
Grooming
73
72
58
68
88
57
101
88
68
139
Doing laundry
120
66
141
142
90
100
67
Toileting
100
67
Toileting
88
68
59
Washing dishes
59
73
72
70
Preparing a beverage
73
61
73
141
90
139
79
80
91
137
84
Bathing
101
93
100
67
79
93
93
130
67
57
Dressing
101
57
58
68
139
75
75
Grooming
130
101
57
58
68
139
75
Preparing a beverage
88
68
80
91
Toileting
88
68
80
91
Doing laundry
141
90
142
91
137
137
Putting away dishes
91
137
143
129
84
129
137
55
53
84
80
63
84
70
70
70
98
84
70
143
55
53
72
84
80
91
70
Putting away dishes
55
84
53
78
80
66
70
66
70
91
137
91
59
91
Grooming
101
57
58
68
88
139
Toileting
130
101
68
Grooming
57
101
58
68
88
57
88
130
67
Washing hands
130
68
139
Preparing a beverage
82
67
57
67
80
Preparing lunch
129
129
129
129
129
106
140
140
62
75
84
55
59
98
72
84
129
132
138
137
132
137
132
137
135
135
137
135
98
98
70
70
98
94
70
129
129
84
129
53
84
Putting away groceries
139
130
57
105
137
91
91
137
91
137
137
91
144
137
92
94
55
95
55
84
91
91
135
129
66
70
63
70
66
88
68
101
67
Toileting
91
88
68
Toileting
57
100
98
Preparing a snack
98
55
91
137
84
53
84
129
Toileting
81
100
88
68
137
131
Washing dishes
70
132
132
70
Washing dishes
132
135
91
66
81
70
81
Dressing
62
75
81
131
Toileting
131
100
88
139
Preparing a snack
120
131
100
88
Grooming
140
96
88
68
88
67
68
57
58
88
57
88
Toileting
130
100
88
88
88
130
130
57
Toileting
139
130
88
68
Toileting
130
71
100
88
68
139
100
88
68
88
130
Toileting
88
68
Grooming
139
130
101
67
67
58
68
88
100
88
68
139
Preparing a beverage
80
51
91
137
91
84
Preparing a beverage
140
104
98
66
91
91
61
80
92
Toileting
130
88
88
88
130
Toileting
130
100
88
68
Toileting
130
96
100
68
Preparing breakfast
131
137
55
84
131
91
80
91
137
131
91
137
91
131
131
Dressing
57
82
75
62
75
Bathing
58
57
88
58
62
68
75
96
88
101
88
57
139
Going out to work
140
Toileting
139
140
130
58
57
54
Preparing lunch
54
54
63
80
91
55
80
84
80
91
137
70
66
95
130
137
91
55
84
55
143
143
70
53
84
70
91
91
144
55
84
54
54
70
55
91
144
137
55
54
54
54
53
84
91
59
91
137
53
143
53
143
91
143
Preparing dinner
57
139
54
54
57
55
53
126
91
143
143
Bathing
130
88
68
88
100
130
130
130
101
92
93
58
96
67
82
Toileting
58
68
88
57
Dressing
67
82
75
75
Toileting
130
100
68
58
57
130
Grooming
88
68
58
68
88
57
68
58
67
88
139
130
81
68
101
140
140
140
Bathing
140
139
130
57
58
57
130
88
68
100
88
68
96
93
130
96
131
92
Grooming
58
68
88
96
67
58
71
Toileting
101
67
Preparing a beverage
75
80
54
Preparing a snack
140
75
131
75
131
140
Preparing breakfast
92
82
131
137
55
75
75
131
62
Bathing
54
93
81
61
67
101
93
93
93
67
58
57
100
96
92
82
Toileting
130
100
68
101
91
137
Preparing lunch
140
55
84
91
91
143
143
84
91
91
143
143
84
91
137
91
131
131
Toileting
130
68
Preparing a snack
131
84
72
131
72
80
Toileting
84
100
68
84
Toileting
120
55
61
94
73
84
100
68
Toileting
130
57
101
139
140
Toileting
130
100
68
88
81
101
Toileting
120
92
75
130
88
68
101
130
140
Grooming
58
57
67
81
68
88
130
88
68
Grooming
93
57
58
68
88
88
68
71
Preparing a snack
140
53
84
91
137
91
143
139
143
84
91
137
Preparing lunch
91
126
137
91
143
143
Going out to work
140
Toileting
130
67
Preparing breakfast
96
81
58
131
137
81
88
68
131
131
101
131
82
Grooming
57
58
68
139
88
139
67
88
68
67
88
68
133
100
75
Dressing
82
75
92
Toileting
101
67
130
139
Preparing dinner
140
104
120
137
130
55
91
137
52
100
88
130
137
84
137
137
Grooming
96
101
88
88
68
88
68
88
88
57
58
88
88
57
88
130
96
Toileting
71
100
88
68
130
80
Toileting
130
88
130
Toileting
130
88
68
57
130
67
Bathing
93
67
79
100
93
93
101
58
58
57
82
96
Grooming
58
67
58
68
67
107
71
64
Toileting
100
68
Toileting
88
68
Preparing lunch
84
53
91
91
137
143
61
143
91
91
144
135
91
137
135
135
91
144
137
91
84
140
140
137
55
137
84
Doing laundry
59
70
70
141
90
142
66
70
141
142
59
59
Washing dishes
53
55
84
80
84
91
70
59
95
59
59
70
70
141
90
Other
58
67
58
68
67
107
71
64
100
68
Dressing
82
75
146
130
Toileting
130
100
88
68
81
Preparing breakfast
131
119
140
140
91
140
140
140
119
73
97
80
91
55
84
131
59
91
137
Dressing
75
75
75
68
75
Grooming
58
68
88
57
88
68
54
54
139
100
88
68
139
62
Bathing
101
130
93
100
93
93
Preparing lunch
131
137
130
55
131
137
55
84
137
Toileting
92
75
130
130
68
Toileting
130
88
68
140
Grooming
140
57
58
Toileting
130
100
68
Toileting
101
79
139
100
67
Preparing breakfast
131
119
59
73
105
55
84
131
70
91
137
Doing laundry
140
90
141
142
Doing laundry
90
141
142
142
Doing laundry
90
141
142
Dressing
82
130
82
Toileting
130
67
100
88
68
57
67
82
130
Grooming
120
101
58
130
68
88
130
130
67
130
130
57
79
Preparing a beverage
119
61
Cleaning
130
93
79
67
68
100
108
88
61
93
79
58
108
Doing laundry
86
146
82
90
141
142
67
Cleaning
67
93
88
68
88
68
88
68
137
88
68
Cleaning
78
73
83
51
80
53
55
63
84
70
66
70
138
132
80
63
63
70
138
132
73
72
55
70
91
131
131
131
59
66
131
131
131
131
131
Cleaning
130
88
68
79
88
68
88
68
58
57
79
79
79
53
55
84
91
91
143
Preparing lunch
58
57
80
59
66
95
63
106
94
53
84
52
55
80
70
90
141
91
137
91
91
126
91
137
91
143
90
142
143
142
70
Dressing
108
108
108
100
57
82
108
146
75
131
Toileting
130
88
68
92
94
Preparing dinner
92
94
106
90
141
142
139
91
137
70
80
91
91
126
137
91
91
143
143
Doing laundry
90
141
142
100
88
68
130
130
141
142
Toileting
100
88
68
130
130
141
142
Preparing a snack
90
141
68
84
72
Toileting
58
57
68
Dressing
75
62
82
71
66
63
Washing dishes
71
66
63
57
Toileting
68
88
100
Doing laundry
82
88
100
90
141
Cleaning
66
70
91
90
141
142
72
95
70
143
70
54
Preparing lunch
140
137
91
137
84
143
143
91
59
Toileting
101
88
68
140
Watching TV
81
53
84
80
70
73
95
59
66
66
66
66
76
Preparing a beverage
140
104
95
53
84
53
91
80
61
91
107
92
Doing laundry
90
141
81
142
84
81
Toileting
140
101
68
Grooming
139
81
101
88
68
57
58
81
88
68
88
68
67
88
68
57
71
Grooming
82
57
58
67
68
57
58
68
68
146
139
Bathing
81
79
79
139
70
57
58
59
66
57
96
58
57
104
82
82
62
57
70
137
Preparing a beverage
68
80
61
Toileting
100
88
Toileting
58
57
57
82
68
Preparing breakfast
131
75
105
131
137
70
131
68
143
84
53
80
70
53
72
84
80
91
51
91
137
Cleaning
84
135
81
53
84
80
70
73
95
59
66
66
66
66
76
91
126
137
53
91
143
143
80
91
137
91
140
140
59
70
90
141
Dressing
57
100
88
68
75
86
75
92
101
139
140
Grooming
67
67
57
100
88
68
75
Preparing dinner
93
93
93
93
55
80
91
137
96
84
91
141
Dressing
75
96
67
79
100
86
57
68
68
58
105
Bathing
54
93
72
67
Toileting
130
100
Preparing a beverage
140
92
91
80
91
Toileting
67
100
101
57
58
67
82
71
Going out to work
140
Preparing breakfast
84
72
73
70
135
91
73
58
Dressing
57
100
82
75
82
75
84
Preparing breakfast
80
143
55
54
Grooming
73
58
88
68
57
57
Preparing lunch
140
137
73
55
94
91
84
55
84
95
55
91
137
72
137
55
84
84
137
55
53
70
91
137
84
62
Going out to work
91
140
Grooming
70
66
88
68
57
Washing dishes
70
66
Grooming
58
57
101
101
Going out for shopping
140
Putting away groceries
140
104
92
105
73
137
78
Dressing
137
82
75
92
140
104
Preparing a beverage
96
120
53
80
63
Preparing lunch
100
68
73
72
131
137
92
53
84
Toileting
100
68
73
72
131
137
Washing dishes
70
140
Going out to work
70
140
Toileting
57
137
Preparing a beverage
137
91
137
80
91
101
Toileting
101
100
88
68
96
Bathing
108
93
101
71
67
58
93
93
93
93
Dressing
58
67
82
57
58
137
129
Preparing a snack
120
84
72
Watching TV
56
Preparing dinner
73
72
91
53
91
137
53
129
91
129
80
91
137
53
55
84
91
Toileting
100
88
68
91
63
80
Cleaning
100
88
68
91
63
80
91
72
73
55
84
72
84
Grooming
71
101
91
57
58
68
67
68
58
57
68
96
Grooming
67
68
Toileting
100
Toileting
53
80
91
91
137
91
137
58
57
100
140
Toileting
140
139
96
76
68
57
67
100
68
71
Toileting
96
68
58
100
Going out for entertainment
139
139
76
104
107
140
Watching TV
54
54
54
137
129
55
53
55
84
53
55
84
53
91
91
137
129
72
137
56
54
54
54
54
137
53
70
54
54
54
54
54
129
Doing laundry
100
106
106
106
96
141
142
106
106
142
142
142
118
142
142
142
142
142
142
142
118
142
118
142
142
142
142
118
118
90
118
118
118
118
118
118
118
118
118
118
118
118
90
118
118
90
118
118
118
99
99
99
90
99
99
90
99
94
94
94
94
94
141
Bathing
100
67
57
Lawnwork
70
94
54
54
54
54
59
59
72
72
54
54
76
137
59
54
54
54
54
54
54
70
54
54
54
54
54
Cleaning
137
91
70
80
70
66
69
70
80
91
63
70
94
Preparing a beverage
129
80
137
137
91
84
Grooming
54
54
54
54
58
57
68
57
Dressing
82
82
62
75
146
Grooming
101
58
68
57
67
Going out for shopping
91
137
140
Preparing a snack
68
72
73
51
Toileting
58
57
57
68
72
73
51
Preparing lunch
54
54
143
143
143
143
143
143
143
143
143
143
140
143
80
143
91
126
144
126
137
91
135
135
61
61
61
61
61
61
61
137
61
137
137
91
137
78
78
135
135
61
135
135
135
135
135
135
135
135
54
54
84
78
125
54
135
135
135
135
78
54
78
78
125
125
137
91
70
55
131
53
131
131
80
131
131
52
63
55
139
139
139
131
131
131
54
139
131
131
54
131
131
131
131
91
137
105
91
131
99
139
70
87
87
87
87
63
51
51
80
83
83
83
83
83
78
78
78
78
78
78
125
125
125
63
125
125
55
125
53
72
72
72
72
72
72
138
84
52
69
52
91
138
138
141
138
138
138
135
78
135
51
87
125
125
Toileting
125
125
78
84
84
84
84
52
96
52
78
52
69
69
69
69
78
78
79
67
78
83
68
125
125
66
59
54
78
Bathing
94
94
94
94
72
98
95
138
54
51
83
101
93
78
67
79
96
93
93
93
93
93
93
93
93
101
58
57
67
79
93
93
93
92
93
93
93
93
93
93
93
93
93
93
93
93
93
93
93
93
54
93
93
93
54
93
93
93
93
96
140
140
54
54
137
91
137
Toileting
54
54
100
68
Toileting
68
Dressing
84
100
68
92
62
58
67
67
68
57
86
75
135
91
Doing laundry
141
90
142
90
141
142
Preparing lunch
100
70
129
70
84
53
55
80
59
135
66
137
72
83
83
68
79
137
139
92
129
141
90
142
129
91
54
54
53
137
137
61
73
91
137
91
129
129
54
54
84
70
Doing laundry
141
90
84
Doing laundry
57
70
141
142
95
54
54
93
93
79
93
66
59
66
141
142
54
54
54
54
54
54
54
54
54
54
141
142
54
54
54
54
66
70
Putting away laundry
75
57
100
146
Toileting
100
93
68
80
91
66
Toileting
96
Toileting
87
78
125
100
68
96
57
Doing laundry
66
141
90
142
88
68
68
Toileting
142
88
68
68
Putting away laundry
62
75
62
75
86
Doing laundry
84
141
90
Toileting
101
100
67
58
Toileting
58
68
57
67
130
139
Preparing a snack
72
84
Grooming
58
68
67
68
120
120
Going out to work
140
Grooming
75
139
58
57
Toileting
93
100
67
Toileting
101
68
Grooming
100
139
101
58
68
67
88
68
88
Preparing lunch
137
53
143
140
140
143
84
143
91
80
63
84
Preparing a beverage
140
80
91
Toileting
68
67
88
58
57
Preparing breakfast
137
72
131
72
84
131
72
Doing laundry
53
80
75
141
90
141
90
Bathing
93
100
68
67
93
101
58
88
68
Grooming
82
96
75
57
101
58
68
57
88
