54
54
143
143
143
143
143
143
143
143
143
143
140
143
80
143
91
126
144
126
137
91
135
135
61
61
61
61
61
61
61
137
61
137
137
91
137
78
78
135
135
61
135
135
135
135
135
135
135
135
54
54
84
78
125
54
135
135
135
135
78
54
78
78
125
125
137
91
70
55
131
53
131
131
80
131
131
52
63
55
139
139
139
131
131
131
54
139
131
131
54
131
131
131
131
91
137
105
91
131
99
139
70
87
87
87
87
63
51
51
80
83
83
83
83
83
78
78
78
78
78
78
125
125
125
63
125
125
55
125
53
72
72
72
72
72
72
138
84
52
69
52
91
138
138
141
138
138
138
135
78
135
51
87
125
125
